1 10
100 200
201 210
900 1000
20 20
9999 9999
1 9999
340 3000
3000 340
500 101
1 1
9999 9998
956739 956006                                    
826611 825983
756134 756776
478642 479101
815892 815933
719220 719135
929349 929040
948351 948681
491808 491202                                      
504516 507852
604712 604712
436809 436182            
630804 630542
5 7
21312 23321
33 570
10 32
11 12
11 11
31233 34111
60 21
21 60
70 300
100 130
8381 6683
8713 7536
2192 7090
586 6295
5704 946
8006 6991
2539 3621
300752 300942
300858 300218
300782 300207
300033 300697
300132 300353
300851 300232
300821 300244
123123 132322
324442 334214
4444 2135
30 27
100 823
1013 3235
985 1032
324 2333
76 1127
425 9999
991 2951
9931 1093
1983 2390
9991 10034
123 3461
323 120
7701 12367
6230 1
33345 27093
21359 30000
323154 330113
512307 512340
999320 999450
999600 999510
82139 71238
267 2100
32499 25025
